,0
0,
1,
2,
3,
4,
5,
6,
7,
8,
9,
10,
11,
12,
13,
14,
15,
16,
17,
18,
19,
20,
21,
22,
23,
24,
25,
26,
27,
28,
29,
30,
31,
32,
33,
34,
35,
36,
37,
38,
39,
40,
41,
42,
43,
44,
45,
46,
47,
48,
49,48.0
50,48.0
51,48.0
52,48.0
53,48.0
54,48.0
55,48.0
56,48.0
57,48.0
58,48.0
59,48.0
60,48.0
61,48.0
62,48.0
63,48.0
64,48.0
65,48.0
66,48.0
67,48.0
68,48.0
69,48.0
70,48.0
71,48.0
72,48.0
73,48.0
74,48.0
75,48.0
76,48.0
77,48.0
78,48.0
79,48.0
80,48.0
81,48.0
82,48.0
83,48.0
84,48.0
85,48.0
86,48.0
87,48.0
88,48.0
89,48.0
90,48.0
91,48.0
92,48.0
93,48.0
94,48.0
95,48.0
96,48.0
97,48.0
98,48.0
99,48.0
100,48.0
101,48.0
102,48.0
103,48.0
104,48.0
105,48.0
106,48.0
107,48.0
108,48.0
109,48.0
110,48.0
111,48.0
112,48.0
113,48.0
114,48.0
115,48.0
116,48.0
117,48.0
118,48.0
119,48.0
120,48.0
121,48.0
122,48.0
123,48.0
124,48.0
125,48.0
126,48.0
127,48.0
128,48.0
129,48.0
130,48.0
131,48.0
132,48.0
133,48.0
134,48.0
135,48.0
136,48.0
137,48.0
138,48.0
139,48.0
140,48.0
141,48.0
142,48.0
143,48.0
144,48.0
145,48.0
146,48.0
147,48.0
148,48.0
149,48.0
150,48.0
151,48.0
152,48.0
153,48.0
154,48.0
155,48.0
156,155.0
157,156.0
158,157.0
159,158.0
160,159.0
161,159.0
162,159.0
163,159.0
164,159.0
165,159.0
166,159.0
167,159.0
168,159.0
169,159.0
170,159.0
171,159.0
172,159.0
173,159.0
174,159.0
175,159.0
176,159.0
177,159.0
178,159.0
179,159.0
180,159.0
181,159.0
182,159.0
183,159.0
184,159.0
185,159.0
186,159.0
187,159.0
188,159.0
189,159.0
190,159.0
191,159.0
192,159.0
193,159.0
194,159.0
195,159.0
196,159.0
197,159.0
198,159.0
199,159.0
200,159.0
201,200.0
202,200.0
203,200.0
204,200.0
205,200.0
206,200.0
207,200.0
208,200.0
209,200.0
210,200.0
211,200.0
212,200.0
213,200.0
214,200.0
215,200.0
216,200.0
217,200.0
218,200.0
219,200.0
220,200.0
221,200.0
222,200.0
223,200.0
224,200.0
225,200.0
226,200.0
227,200.0
228,200.0
229,200.0
230,200.0
231,200.0
232,200.0
233,200.0
234,200.0
235,234.0
236,235.0
237,235.0
238,235.0
239,235.0
240,235.0
241,240.0
242,240.0
243,240.0
244,240.0
245,240.0
246,240.0
247,240.0
248,240.0
249,240.0
250,240.0
251,240.0
252,240.0
253,240.0
254,240.0
255,240.0
256,240.0
257,240.0
258,240.0
259,240.0
260,240.0
261,240.0
262,240.0
263,240.0
264,263.0
265,263.0
266,263.0
267,263.0
268,263.0
269,263.0
270,263.0
271,263.0
272,263.0
273,263.0
274,263.0
275,274.0
276,274.0
277,276.0
278,276.0
279,276.0
280,276.0
281,276.0
282,276.0
283,276.0
284,276.0
285,276.0
286,276.0
287,276.0
288,276.0
289,288.0
290,289.0
291,289.0
292,289.0
293,289.0
294,289.0
295,294.0
296,294.0
297,294.0
298,294.0
299,294.0
300,294.0
301,294.0
302,294.0
303,294.0
304,294.0
305,294.0
306,294.0
307,294.0
308,294.0
309,294.0
310,294.0
311,294.0
312,294.0
313,294.0
314,294.0
315,294.0
316,294.0
317,294.0
318,294.0
319,318.0
320,319.0
321,319.0
322,319.0
323,319.0
324,319.0
325,319.0
326,319.0
327,319.0
328,319.0
329,319.0
330,319.0
331,319.0
332,319.0
333,319.0
334,319.0
335,319.0
336,319.0
337,319.0
338,319.0
339,319.0
340,319.0
341,319.0
342,319.0
343,319.0
344,319.0
345,319.0
346,345.0
347,346.0
348,346.0
349,348.0
350,349.0
351,350.0
352,351.0
353,352.0
354,353.0
355,353.0
356,355.0
357,356.0
358,356.0
359,356.0
360,356.0
361,356.0
362,356.0
363,356.0
364,356.0
365,356.0
366,356.0
367,356.0
368,356.0
369,356.0
370,356.0
371,356.0
372,371.0
373,372.0
374,373.0
375,374.0
376,374.0
377,374.0
378,374.0
379,374.0
380,374.0
381,374.0
382,381.0
383,382.0
384,382.0
385,382.0
386,382.0
387,382.0
388,382.0
389,382.0
390,382.0
391,390.0
392,390.0
393,390.0
394,393.0
395,394.0
396,395.0
397,396.0
398,396.0
399,398.0
400,398.0
401,398.0
402,398.0
403,398.0
404,398.0
405,398.0
406,398.0
407,398.0
408,398.0
409,398.0
410,398.0
411,398.0
412,398.0
413,398.0
414,398.0
415,398.0
416,398.0
417,398.0
418,398.0
419,398.0
420,398.0
421,398.0
422,398.0
423,398.0
424,398.0
425,398.0
426,398.0
427,398.0
428,398.0
429,398.0
430,398.0
431,398.0
432,398.0
433,398.0
434,398.0
435,398.0
436,398.0
437,398.0
438,398.0
439,398.0
440,398.0
441,398.0
442,398.0
443,398.0
444,398.0
445,398.0
446,398.0
447,398.0
448,398.0
449,398.0
450,398.0
451,398.0
452,398.0
453,398.0
454,398.0
455,398.0
456,398.0
457,398.0
458,457.0
459,458.0
460,458.0
461,460.0
462,460.0
463,460.0
464,460.0
465,460.0
466,460.0
467,460.0
468,460.0
469,468.0
470,469.0
471,470.0
472,471.0
473,471.0
474,471.0
475,471.0
476,471.0
477,471.0
478,471.0
479,471.0
480,471.0
481,471.0
482,471.0
483,471.0
484,471.0
485,471.0
486,471.0
487,471.0
488,471.0
489,471.0
490,471.0
491,471.0
492,471.0
493,471.0
494,471.0
495,471.0
496,471.0
497,471.0
498,471.0
499,471.0
500,471.0
501,471.0
502,471.0
503,471.0
504,471.0
505,471.0
506,471.0
507,471.0
508,471.0
509,471.0
510,471.0
511,471.0
512,471.0
513,471.0
514,471.0
515,471.0
516,471.0
517,471.0
518,471.0
519,471.0
520,471.0
521,471.0
522,471.0
523,471.0
524,523.0
525,524.0
526,525.0
527,525.0
528,525.0
529,525.0
530,525.0
531,525.0
532,525.0
533,525.0
534,525.0
535,525.0
536,525.0
537,525.0
538,525.0
539,525.0
540,525.0
541,525.0
542,525.0
543,525.0
544,525.0
545,525.0
546,525.0
547,546.0
548,547.0
549,548.0
550,548.0
551,548.0
552,548.0
553,552.0
554,552.0
555,552.0
556,552.0
557,552.0
558,552.0
559,552.0
560,552.0
561,552.0
562,552.0
563,552.0
564,552.0
565,552.0
566,552.0
567,552.0
568,552.0
569,552.0
570,552.0
571,552.0
572,552.0
573,552.0
574,552.0
575,552.0
576,552.0
577,552.0
578,552.0
579,552.0
580,552.0
581,552.0
582,552.0
583,552.0
584,552.0
585,552.0
586,552.0
587,552.0
588,552.0
589,588.0
590,589.0
591,590.0
592,591.0
593,592.0
594,593.0
595,593.0
596,593.0
597,593.0
598,593.0
599,593.0
600,593.0
601,593.0
602,601.0
603,602.0
604,602.0
605,602.0
606,602.0
607,602.0
608,602.0
609,602.0
610,602.0
611,602.0
612,602.0
613,602.0
614,602.0
615,602.0
616,602.0
617,602.0
618,602.0
619,602.0
620,602.0
621,620.0
622,621.0
623,622.0
624,623.0
625,624.0
626,624.0
627,624.0
628,624.0
629,624.0
630,624.0
631,624.0
632,624.0
633,624.0
634,624.0
635,624.0
636,624.0
637,624.0
638,624.0
639,624.0
640,624.0
641,624.0
642,624.0
643,624.0
644,624.0
645,624.0
646,624.0
647,624.0
648,624.0
649,624.0
650,624.0
651,624.0
652,624.0
653,624.0
654,624.0
655,624.0
656,624.0
657,624.0
658,624.0
659,624.0
660,624.0
661,624.0
662,624.0
663,624.0
664,624.0
665,624.0
666,624.0
667,624.0
668,624.0
669,624.0
670,669.0
671,669.0
672,669.0
673,669.0
674,669.0
675,669.0
676,669.0
677,669.0
678,669.0
679,669.0
680,669.0
681,669.0
682,669.0
683,669.0
684,669.0
685,684.0
686,684.0
687,684.0
688,684.0
689,684.0
690,684.0
691,684.0
692,684.0
693,684.0
694,684.0
695,684.0
696,684.0
697,684.0
698,684.0
699,684.0
700,684.0
701,684.0
702,684.0
703,684.0
704,684.0
705,684.0
706,684.0
707,684.0
708,684.0
709,684.0
710,684.0
711,684.0
712,684.0
713,684.0
714,684.0
715,684.0
716,684.0
717,684.0
718,684.0
719,684.0
720,684.0
721,684.0
722,684.0
723,684.0
724,684.0
725,684.0
726,684.0
727,684.0
728,684.0
729,684.0
730,729.0
731,730.0
732,731.0
733,731.0
734,731.0
735,734.0
736,735.0
737,736.0
738,737.0
739,738.0
740,738.0
741,738.0
742,738.0
743,738.0
744,738.0
745,738.0
746,738.0
747,738.0
748,738.0
749,738.0
750,738.0
751,738.0
752,738.0
753,738.0
754,738.0
755,738.0
756,738.0
757,738.0
758,738.0
759,738.0
760,738.0
761,738.0
762,738.0
763,738.0
764,738.0
765,738.0
766,738.0
767,738.0
768,738.0
769,738.0
770,738.0
771,738.0
772,738.0
773,738.0
774,738.0
775,738.0
776,738.0
777,738.0
778,738.0
779,738.0
780,738.0
781,738.0
782,738.0
783,738.0
784,738.0
785,738.0
786,738.0
787,738.0
788,738.0
789,738.0
790,738.0
791,738.0
792,738.0
793,738.0
794,738.0
795,738.0
796,738.0
797,738.0
798,738.0
799,738.0
800,738.0
801,738.0
802,738.0
803,738.0
804,738.0
805,738.0
806,738.0
807,738.0
808,738.0
809,738.0
810,738.0
811,738.0
812,738.0
813,738.0
814,738.0
815,738.0
816,738.0
817,738.0
818,817.0
819,817.0
820,817.0
821,817.0
822,817.0
823,817.0
824,817.0
825,817.0
826,817.0
827,817.0
828,817.0
829,817.0
830,817.0
831,817.0
832,817.0
833,817.0
834,817.0
835,834.0
836,835.0
837,836.0
838,837.0
839,838.0
840,838.0
841,840.0
842,841.0
843,841.0
844,841.0
845,841.0
846,841.0
847,841.0
848,841.0
849,841.0
850,841.0
851,841.0
852,841.0
853,841.0
854,841.0
855,841.0
856,841.0
857,841.0
858,841.0
859,858.0
860,859.0
861,860.0
862,861.0
863,861.0
864,861.0
865,861.0
866,861.0
867,861.0
868,861.0
869,861.0
870,861.0
871,861.0
872,861.0
873,861.0
874,861.0
875,861.0
876,861.0
877,861.0
878,861.0
879,878.0
880,879.0
881,879.0
882,879.0
883,879.0
884,879.0
885,879.0
886,879.0
887,879.0
888,879.0
889,879.0
890,879.0
891,879.0
892,879.0
893,879.0
894,879.0
895,879.0
896,879.0
897,879.0
898,879.0
899,879.0
900,899.0
901,900.0
902,901.0
903,902.0
904,903.0
905,904.0
906,905.0
907,905.0
908,905.0
909,905.0
910,905.0
911,905.0
912,905.0
913,905.0
914,905.0
915,905.0
916,905.0
917,905.0
918,905.0
919,905.0
920,905.0
921,905.0
922,905.0
923,905.0
924,905.0
925,905.0
926,905.0
927,905.0
928,905.0
929,905.0
930,905.0
931,905.0
932,905.0
933,905.0
934,905.0
935,905.0
936,905.0
937,936.0
938,936.0
939,936.0
940,939.0
941,939.0
942,939.0
943,942.0
944,943.0
945,944.0
946,945.0
947,946.0
948,947.0
949,948.0
950,949.0
951,949.0
952,949.0
953,949.0
954,949.0
955,949.0
956,949.0
957,949.0
958,949.0
959,949.0
960,949.0
961,949.0
962,949.0
963,949.0
964,949.0
965,949.0
966,965.0
967,965.0
968,965.0
969,965.0
970,965.0
971,965.0
972,965.0
973,965.0
974,965.0
975,965.0
976,965.0
977,965.0
978,965.0
979,965.0
980,965.0
981,965.0
982,965.0
983,965.0
984,965.0
985,965.0
986,965.0
987,965.0
988,965.0
989,965.0
990,965.0
991,965.0
992,965.0
993,965.0
994,965.0
995,965.0
996,965.0
997,965.0
998,965.0
999,965.0
1000,965.0
1001,965.0
1002,965.0
1003,965.0
1004,965.0
1005,965.0
1006,965.0
1007,965.0
1008,965.0
1009,965.0
1010,965.0
1011,965.0
1012,965.0
1013,965.0
1014,965.0
1015,965.0
1016,1015.0
1017,1015.0
1018,1017.0
1019,1018.0
1020,1018.0
1021,1018.0
1022,1018.0
1023,1018.0
1024,1018.0
1025,1018.0
1026,1018.0
1027,1018.0
1028,1018.0
1029,1018.0
1030,1018.0
1031,1018.0
1032,1018.0
1033,1018.0
1034,1018.0
1035,1018.0
1036,1018.0
1037,1036.0
1038,1036.0
1039,1036.0
1040,1036.0
1041,1036.0
1042,1036.0
1043,1036.0
1044,1036.0
1045,1036.0
1046,1036.0
1047,1036.0
1048,1036.0
1049,1036.0
1050,1036.0
1051,1036.0
1052,1036.0
1053,1036.0
1054,1036.0
1055,1036.0
1056,1036.0
1057,1036.0
1058,1036.0
1059,1036.0
1060,1036.0
1061,1060.0
1062,1061.0
1063,1062.0
1064,1063.0
1065,1064.0
1066,1065.0
1067,1065.0
1068,1067.0
1069,1068.0
1070,1069.0
1071,1069.0
1072,1069.0
1073,1069.0
1074,1069.0
1075,1069.0
1076,1069.0
1077,1069.0
1078,1069.0
1079,1069.0
1080,1069.0
1081,1069.0
1082,1069.0
1083,1069.0
1084,1069.0
1085,1069.0
1086,1069.0
1087,1069.0
1088,1069.0
1089,1088.0
1090,1088.0
1091,1088.0
1092,1088.0
1093,1088.0
1094,1088.0
1095,1088.0
1096,1095.0
1097,1095.0
1098,1095.0
1099,1095.0
1100,1095.0
1101,1095.0
1102,1095.0
1103,1095.0
1104,1095.0
1105,1095.0
1106,1095.0
1107,1095.0
1108,1095.0
1109,1095.0
1110,1095.0
1111,1095.0
1112,1095.0
1113,1095.0
1114,1095.0
1115,1095.0
1116,1095.0
1117,1095.0
1118,1095.0
1119,1095.0
1120,1095.0
1121,1095.0
1122,1095.0
1123,1095.0
1124,1095.0
1125,1095.0
1126,1095.0
1127,1095.0
1128,1095.0
1129,1095.0
1130,1095.0
1131,1095.0
1132,1095.0
1133,1095.0
1134,1095.0
1135,1095.0
1136,1095.0
1137,1095.0
1138,1095.0
1139,1095.0
1140,1095.0
1141,1095.0
1142,1095.0
1143,1095.0
1144,1095.0
1145,1095.0
1146,1095.0
1147,1095.0
1148,1095.0
1149,1095.0
1150,1095.0
1151,1095.0
1152,1095.0
1153,1095.0
1154,1095.0
1155,1095.0
1156,1095.0
1157,1095.0
1158,1095.0
1159,1158.0
1160,1159.0
1161,1159.0
1162,1159.0
1163,1159.0
1164,1159.0
1165,1159.0
1166,1159.0
1167,1159.0
1168,1159.0
1169,1159.0
1170,1159.0
1171,1170.0
1172,1171.0
1173,1171.0
1174,1171.0
1175,1171.0
1176,1171.0
1177,1171.0
1178,1171.0
1179,1171.0
1180,1171.0
1181,1171.0
1182,1171.0
1183,1171.0
1184,1171.0
1185,1171.0
1186,1171.0
1187,1171.0
1188,1171.0
1189,1171.0
1190,1171.0
1191,1171.0
1192,1171.0
1193,1171.0
1194,1171.0
1195,1171.0
1196,1171.0
1197,1171.0
1198,1171.0
1199,1171.0
1200,1171.0
1201,1171.0
1202,1171.0
1203,1171.0
1204,1171.0
1205,1171.0
1206,1171.0
1207,1171.0
1208,1171.0
1209,1171.0
1210,1171.0
1211,1171.0
1212,1171.0
1213,1171.0
1214,1171.0
1215,1171.0
1216,1171.0
1217,1171.0
1218,1171.0
1219,1171.0
1220,1171.0
1221,1171.0
1222,1171.0
1223,1171.0
1224,1171.0
1225,1171.0
1226,1171.0
1227,1171.0
1228,1171.0
1229,1171.0
1230,1171.0
1231,1171.0
1232,1171.0
1233,1171.0
1234,1171.0
1235,1234.0
1236,1234.0
1237,1234.0
1238,1237.0
1239,1238.0
1240,1239.0
1241,1240.0
1242,1240.0
1243,1240.0
1244,1240.0
1245,1240.0
1246,1240.0
1247,1246.0
1248,1246.0
1249,1248.0
1250,1249.0
1251,1250.0
1252,1251.0
1253,1251.0
1254,1251.0
1255,1251.0
1256,1251.0
1257,1251.0
1258,1251.0
1259,1251.0
1260,1251.0
1261,1251.0
1262,1251.0
1263,1251.0
1264,1251.0
1265,1251.0
1266,1251.0
1267,1251.0
1268,1251.0
1269,1251.0
1270,1251.0
1271,1251.0
1272,1251.0
1273,1251.0
1274,1251.0
1275,1251.0
1276,1251.0
1277,1251.0
1278,1251.0
1279,1251.0
1280,1251.0
1281,1251.0
1282,1251.0
1283,1282.0
1284,1283.0
1285,1284.0
1286,1285.0
1287,1286.0
1288,1287.0
1289,1287.0
1290,1287.0
1291,1290.0
1292,1290.0
1293,1290.0
1294,1290.0
1295,1294.0
1296,1294.0
1297,1296.0
1298,1297.0
1299,1297.0
1300,1297.0
1301,1297.0
1302,1297.0
1303,1297.0
1304,1297.0
1305,1297.0
1306,1297.0
1307,1297.0
1308,1297.0
1309,1297.0
1310,1297.0
1311,1297.0
1312,1297.0
1313,1297.0
1314,1297.0
1315,1297.0
1316,1297.0
1317,1297.0
1318,1297.0
1319,1297.0
1320,1297.0
1321,1297.0
1322,1297.0
1323,1297.0
1324,1297.0
1325,1297.0
1326,1297.0
1327,1326.0
1328,1327.0
1329,1328.0
1330,1329.0
1331,1329.0
1332,1329.0
1333,1329.0
1334,1329.0
1335,1329.0
1336,1329.0
1337,1329.0
1338,1329.0
1339,1329.0
1340,1329.0
1341,1329.0
1342,1329.0
1343,1329.0
1344,1329.0
1345,1329.0
1346,1329.0
1347,1329.0
1348,1329.0
1349,1329.0
1350,1329.0
1351,1329.0
1352,1329.0
1353,1329.0
1354,1329.0
1355,1329.0
1356,1329.0
1357,1329.0
1358,1329.0
1359,1329.0
1360,1329.0
1361,1329.0
1362,1329.0
1363,1329.0
1364,1329.0
1365,1329.0
1366,1329.0
1367,1329.0
1368,1329.0
1369,1329.0
1370,1329.0
1371,1329.0
1372,1329.0
1373,1329.0
1374,1329.0
1375,1329.0
1376,1329.0
1377,1329.0
1378,1377.0
1379,1377.0
1380,1377.0
1381,1380.0
1382,1381.0
1383,1381.0
1384,1381.0
1385,1381.0
1386,1381.0
1387,1381.0
1388,1381.0
1389,1381.0
1390,1381.0
1391,1381.0
1392,1381.0
1393,1381.0
1394,1381.0
1395,1381.0
1396,1381.0
1397,1381.0
1398,1381.0
1399,1381.0
1400,1381.0
1401,1381.0
1402,1381.0
1403,1381.0
1404,1381.0
1405,1381.0
1406,1405.0
1407,1406.0
1408,1407.0
1409,1408.0
1410,1409.0
1411,1410.0
1412,1410.0
1413,1410.0
1414,1410.0
1415,1410.0
1416,1410.0
1417,1410.0
1418,1410.0
1419,1410.0
1420,1410.0
1421,1410.0
1422,1410.0
1423,1410.0
1424,1410.0
1425,1410.0
1426,1410.0
1427,1410.0
1428,1410.0
1429,1410.0
1430,1410.0
1431,1410.0
1432,1410.0
1433,1410.0
1434,1410.0
1435,1410.0
1436,1410.0
1437,1410.0
1438,1410.0
1439,1410.0
1440,1410.0
1441,1410.0
1442,1410.0
1443,1442.0
1444,1443.0
1445,1444.0
1446,1445.0
1447,1445.0
1448,1445.0
1449,1445.0
1450,1445.0
1451,1445.0
1452,1445.0
1453,1445.0
1454,1445.0
1455,1445.0
1456,1445.0
1457,1456.0
1458,1457.0
1459,1458.0
1460,1458.0
1461,1458.0
1462,1461.0
1463,1462.0
1464,1463.0
1465,1463.0
1466,1463.0
1467,1466.0
1468,1466.0
1469,1466.0
1470,1466.0
1471,1466.0
1472,1466.0
1473,1466.0
1474,1466.0
1475,1466.0
1476,1466.0
1477,1466.0
1478,1466.0
1479,1466.0
1480,1466.0
1481,1466.0
1482,1466.0
1483,1466.0
1484,1466.0
1485,1466.0
1486,1466.0
1487,1466.0
1488,1466.0
1489,1466.0
1490,1466.0
1491,1466.0
1492,1466.0
1493,1466.0
1494,1466.0
1495,1466.0
1496,1466.0
1497,1466.0
1498,1466.0
1499,1466.0
1500,1466.0
1501,1500.0
1502,1501.0
1503,1502.0
1504,1503.0
1505,1503.0
1506,1503.0
1507,1503.0
1508,1503.0
1509,1503.0
1510,1503.0
1511,1503.0
1512,1503.0
1513,1503.0
1514,1503.0
1515,1503.0
1516,1503.0
1517,1503.0
1518,1503.0
1519,1503.0
1520,1503.0
1521,1503.0
1522,1503.0
1523,1503.0
1524,1503.0
1525,1503.0
1526,1503.0
1527,1503.0
1528,1503.0
1529,1503.0
1530,1503.0
1531,1503.0
1532,1503.0
1533,1503.0
1534,1503.0
1535,1503.0
1536,1503.0
1537,1503.0
1538,1503.0
1539,1503.0
1540,1503.0
1541,1503.0
1542,1503.0
1543,1503.0
1544,1503.0
1545,1503.0
1546,1503.0
1547,1503.0
1548,1503.0
1549,1548.0
1550,1549.0
1551,1550.0
1552,1551.0
1553,1552.0
1554,1553.0
1555,1553.0
1556,1555.0
1557,1556.0
1558,1557.0
1559,1558.0
1560,1558.0
1561,1558.0
1562,1558.0
1563,1558.0
1564,1558.0
1565,1558.0
1566,1558.0
1567,1558.0
1568,1558.0
1569,1558.0
1570,1558.0
1571,1558.0
1572,1558.0
1573,1558.0
1574,1558.0
1575,1558.0
1576,1558.0
1577,1558.0
1578,1558.0
1579,1558.0
1580,1558.0
1581,1558.0
1582,1558.0
1583,1558.0
1584,1558.0
1585,1558.0
1586,1558.0
1587,1558.0
1588,1558.0
1589,1558.0
1590,1558.0
1591,1558.0
1592,1558.0
1593,1558.0
1594,1558.0
1595,1558.0
1596,1558.0
1597,1558.0
1598,1558.0
1599,1558.0
1600,1558.0
1601,1558.0
1602,1558.0
1603,1558.0
1604,1603.0
1605,1603.0
1606,1605.0
1607,1605.0
1608,1605.0
1609,1605.0
1610,1605.0
1611,1605.0
1612,1605.0
1613,1605.0
1614,1605.0
1615,1605.0
1616,1605.0
1617,1605.0
1618,1605.0
1619,1605.0
1620,1605.0
1621,1605.0
1622,1605.0
1623,1605.0
1624,1605.0
1625,1605.0
1626,1605.0
1627,1605.0
1628,1605.0
1629,1605.0
1630,1605.0
1631,1605.0
1632,1605.0
1633,1605.0
1634,1605.0
1635,1605.0
1636,1605.0
1637,1605.0
1638,1605.0
1639,1638.0
1640,1639.0
1641,1640.0
1642,1641.0
1643,1642.0
1644,1642.0
1645,1642.0
1646,1642.0
1647,1642.0
1648,1642.0
1649,1642.0
1650,1642.0
1651,1642.0
1652,1642.0
1653,1642.0
1654,1642.0
1655,1642.0
1656,1642.0
1657,1642.0
1658,1642.0
1659,1642.0
1660,1642.0
1661,1642.0
1662,1642.0
1663,1642.0
1664,1642.0
1665,1642.0
1666,1642.0
1667,1642.0
1668,1642.0
1669,1642.0
1670,1642.0
1671,1642.0
1672,1642.0
1673,1642.0
1674,1642.0
1675,1642.0
1676,1642.0
1677,1642.0
1678,1642.0
1679,1642.0
1680,1642.0
1681,1642.0
1682,1642.0
1683,1642.0
1684,1683.0
1685,1684.0
1686,1685.0
1687,1686.0
1688,1686.0
1689,1686.0
1690,1686.0
1691,1686.0
1692,1686.0
1693,1686.0
1694,1686.0
1695,1686.0
1696,1686.0
1697,1686.0
1698,1686.0
1699,1686.0
1700,1686.0
1701,1686.0
1702,1686.0
1703,1686.0
1704,1686.0
1705,1686.0
1706,1686.0
1707,1686.0
1708,1686.0
1709,1686.0
1710,1686.0
1711,1686.0
1712,1686.0
1713,1686.0
1714,1686.0
1715,1686.0
1716,1686.0
1717,1686.0
1718,1686.0
1719,1686.0
1720,1686.0
1721,1686.0
1722,1686.0
1723,1686.0
1724,1686.0
1725,1686.0
1726,1686.0
1727,1686.0
1728,1686.0
1729,1686.0
1730,1686.0
1731,1686.0
1732,1686.0
1733,1686.0
1734,1686.0
1735,1686.0
1736,1686.0
1737,1686.0
1738,1686.0
1739,1686.0
1740,1686.0
1741,1686.0
1742,1686.0
1743,1686.0
1744,1686.0
1745,1686.0
1746,1686.0
1747,1686.0
1748,1686.0
1749,1686.0
1750,1686.0
1751,1686.0
1752,1686.0
1753,1686.0
1754,1686.0
1755,1686.0
1756,1755.0
1757,1755.0
1758,1755.0
1759,1755.0
1760,1755.0
1761,1755.0
1762,1755.0
1763,1762.0
1764,1762.0
1765,1762.0
1766,1762.0
1767,1762.0
1768,1762.0
1769,1762.0
1770,1762.0
1771,1762.0
1772,1762.0
1773,1762.0
1774,1762.0
1775,1762.0
1776,1762.0
1777,1762.0
1778,1762.0
1779,1762.0
1780,1762.0
1781,1762.0
1782,1762.0
1783,1762.0
1784,1762.0
1785,1762.0
1786,1762.0
1787,1762.0
1788,1762.0
1789,1762.0
1790,1762.0
1791,1762.0
1792,1762.0
1793,1762.0
1794,1762.0
1795,1794.0
1796,1795.0
1797,1796.0
1798,1797.0
1799,1797.0
1800,1797.0
1801,1797.0
1802,1797.0
1803,1797.0
1804,1797.0
1805,1797.0
1806,1797.0
1807,1797.0
1808,1797.0
1809,1797.0
1810,1797.0
1811,1797.0
1812,1797.0
1813,1797.0
1814,1797.0
1815,1797.0
1816,1797.0
1817,1797.0
1818,1797.0
1819,1797.0
1820,1797.0
1821,1797.0
1822,1797.0
1823,1797.0
1824,1797.0
1825,1797.0
1826,1797.0
1827,1797.0
1828,1797.0
1829,1797.0
1830,1797.0
1831,1797.0
1832,1797.0
1833,1797.0
1834,1797.0
1835,1797.0
1836,1797.0
1837,1836.0
1838,1837.0
1839,1838.0
1840,1838.0
1841,1838.0
1842,1838.0
1843,1838.0
1844,1838.0
1845,1838.0
1846,1838.0
1847,1838.0
1848,1838.0
1849,1848.0
1850,1849.0
1851,1850.0
1852,1850.0
1853,1850.0
1854,1853.0
1855,1854.0
1856,1854.0
1857,1854.0
1858,1854.0
1859,1854.0
1860,1854.0
1861,1854.0
1862,1854.0
1863,1854.0
1864,1854.0
1865,1854.0
1866,1854.0
1867,1854.0
1868,1854.0
1869,1854.0
1870,1854.0
1871,1854.0
1872,1854.0
1873,1872.0
1874,1873.0
1875,1874.0
1876,1875.0
1877,1876.0
1878,1876.0
1879,1876.0
1880,1876.0
1881,1876.0
1882,1876.0
1883,1876.0
1884,1876.0
1885,1876.0
1886,1876.0
1887,1876.0
1888,1876.0
1889,1876.0
1890,1876.0
1891,1876.0
1892,1876.0
1893,1876.0
1894,1876.0
1895,1876.0
1896,1876.0
1897,1876.0
1898,1876.0
1899,1876.0
1900,1876.0
1901,1876.0
1902,1876.0
1903,1876.0
1904,1903.0
1905,1903.0
1906,1905.0
1907,1906.0
1908,1906.0
1909,1906.0
1910,1906.0
1911,1906.0
1912,1906.0
1913,1906.0
1914,1913.0
1915,1914.0
1916,1914.0
1917,1916.0
1918,1916.0
1919,1916.0
1920,1916.0
1921,1916.0
1922,1916.0
1923,1916.0
1924,1916.0
1925,1916.0
1926,1916.0
1927,1916.0
1928,1916.0
1929,1916.0
1930,1916.0
1931,1916.0
1932,1916.0
1933,1916.0
1934,1916.0
1935,1916.0
1936,1916.0
1937,1916.0
1938,1916.0
1939,1916.0
1940,1916.0
1941,1916.0
1942,1916.0
1943,1916.0
1944,1916.0
1945,1916.0
1946,1916.0
1947,1946.0
1948,1946.0
1949,1948.0
1950,1948.0
1951,1950.0
1952,1951.0
1953,1952.0
1954,1953.0
1955,1954.0
1956,1954.0
1957,1954.0
1958,1954.0
1959,1954.0
1960,1954.0
1961,1954.0
1962,1954.0
1963,1954.0
1964,1954.0
1965,1954.0
1966,1954.0
1967,1954.0
1968,1954.0
1969,1954.0
1970,1954.0
1971,1954.0
1972,1954.0
1973,1954.0
1974,1954.0
1975,1954.0
1976,1954.0
1977,1954.0
1978,1954.0
1979,1954.0
1980,1954.0
1981,1954.0
1982,1954.0
1983,1954.0
1984,1954.0
1985,1954.0
1986,1954.0
1987,1954.0
1988,1987.0
1989,1987.0
1990,1987.0
1991,1987.0
1992,1987.0
1993,1987.0
1994,1987.0
1995,1987.0
1996,1987.0
1997,1987.0
1998,1987.0
1999,1987.0
2000,1987.0
2001,1987.0
2002,1987.0
2003,1987.0
2004,1987.0
2005,1987.0
2006,1987.0
2007,1987.0
2008,1987.0
2009,1987.0
2010,1987.0
2011,1987.0
2012,1987.0
2013,1987.0
2014,1987.0
2015,1987.0
2016,1987.0
2017,1987.0
2018,1987.0
2019,1987.0
2020,1987.0
2021,1987.0
2022,1987.0
2023,1987.0
2024,1987.0
2025,1987.0
2026,1987.0
2027,2026.0
2028,2027.0
2029,2027.0
2030,2027.0
2031,2027.0
2032,2027.0
2033,2027.0
2034,2027.0
2035,2027.0
2036,2027.0
2037,2027.0
2038,2027.0
2039,2027.0
2040,2027.0
2041,2027.0
2042,2027.0
2043,2027.0
2044,2027.0
2045,2027.0
2046,2027.0
2047,2027.0
2048,2027.0
2049,2027.0
2050,2027.0
2051,2027.0
2052,2027.0
2053,2027.0
2054,2027.0
2055,2027.0
2056,2027.0
2057,2027.0
2058,2027.0
2059,2027.0
2060,2027.0
2061,2027.0
2062,2027.0
2063,2027.0
2064,2027.0
2065,2027.0
2066,2027.0
2067,2027.0
2068,2027.0
2069,2027.0
2070,2027.0
2071,2027.0
2072,2027.0
2073,2027.0
2074,2027.0
2075,2027.0
2076,2027.0
2077,2027.0
2078,2077.0
2079,2078.0
2080,2079.0
2081,2080.0
2082,2081.0
2083,2081.0
2084,2081.0
2085,2081.0
2086,2081.0
2087,2081.0
2088,2081.0
2089,2081.0
2090,2081.0
2091,2081.0
2092,2081.0
2093,2081.0
2094,2093.0
2095,2094.0
2096,2095.0
2097,2096.0
2098,2097.0
2099,2097.0
2100,2097.0
2101,2100.0
2102,2100.0
2103,2100.0
2104,2100.0
2105,2100.0
2106,2100.0
2107,2100.0
2108,2100.0
2109,2100.0
2110,2100.0
2111,2100.0
2112,2100.0
2113,2100.0
2114,2100.0
2115,2100.0
2116,2100.0
2117,2100.0
2118,2100.0
2119,2100.0
2120,2100.0
2121,2100.0
2122,2100.0
2123,2100.0
2124,2100.0
2125,2100.0
2126,2100.0
2127,2100.0
2128,2100.0
2129,2100.0
2130,2100.0
2131,2100.0
2132,2100.0
2133,2100.0
2134,2100.0
2135,2100.0
2136,2100.0
2137,2100.0
2138,2100.0
2139,2100.0
2140,2100.0
2141,2100.0
2142,2100.0
2143,2100.0
2144,2100.0
2145,2100.0
2146,2100.0
2147,2100.0
2148,2100.0
2149,2100.0
2150,2100.0
2151,2100.0
2152,2100.0
2153,2100.0
2154,2100.0
2155,2100.0
2156,2100.0
2157,2100.0
2158,2100.0
2159,2100.0
2160,2100.0
2161,2100.0
2162,2100.0
2163,2100.0
2164,2100.0
2165,2100.0
2166,2100.0
2167,2166.0
2168,2166.0
2169,2168.0
2170,2169.0
2171,2170.0
2172,2171.0
2173,2172.0
2174,2173.0
2175,2174.0
2176,2174.0
2177,2174.0
2178,2174.0
2179,2174.0
2180,2174.0
2181,2174.0
2182,2174.0
2183,2174.0
2184,2174.0
2185,2174.0
2186,2174.0
2187,2174.0
2188,2174.0
2189,2174.0
2190,2174.0
2191,2174.0
2192,2174.0
2193,2174.0
2194,2174.0
2195,2174.0
2196,2174.0
2197,2174.0
2198,2174.0
2199,2174.0
2200,2174.0
2201,2174.0
2202,2174.0
2203,2174.0
2204,2174.0
2205,2174.0
2206,2174.0
2207,2174.0
2208,2174.0
2209,2174.0
2210,2174.0
2211,2174.0
2212,2174.0
2213,2174.0
2214,2174.0
2215,2174.0
2216,2174.0
2217,2174.0
2218,2174.0
2219,2174.0
2220,2174.0
2221,2174.0
2222,2174.0
2223,2174.0
2224,2174.0
2225,2174.0
2226,2174.0
2227,2174.0
2228,2174.0
2229,2174.0
2230,2229.0
2231,2230.0
2232,2230.0
2233,2230.0
2234,2230.0
2235,2230.0
2236,2230.0
2237,2230.0
2238,2230.0
2239,2230.0
2240,2230.0
2241,2230.0
2242,2230.0
2243,2230.0
2244,2230.0
2245,2230.0
2246,2230.0
2247,2230.0
2248,2230.0
2249,2230.0
2250,2230.0
2251,2230.0
2252,2230.0
2253,2230.0
2254,2230.0
2255,2230.0
2256,2230.0
2257,2230.0
2258,2230.0
2259,2230.0
2260,2230.0
2261,2230.0
2262,2230.0
2263,2230.0
2264,2230.0
2265,2230.0
2266,2230.0
2267,2230.0
2268,2230.0
2269,2230.0
2270,2230.0
2271,2230.0
2272,2230.0
2273,2230.0
2274,2230.0
2275,2230.0
2276,2230.0
2277,2230.0
2278,2230.0
2279,2230.0
2280,2230.0
2281,2230.0
2282,2230.0
2283,2230.0
2284,2230.0
2285,2230.0
2286,2230.0
2287,2230.0
2288,2230.0
2289,2230.0
2290,2230.0
2291,2230.0
2292,2230.0
2293,2230.0
2294,2230.0
2295,2230.0
2296,2230.0
2297,2230.0
2298,2230.0
2299,2230.0
2300,2230.0
2301,2230.0
2302,2230.0
2303,2230.0
2304,2230.0
2305,2230.0
2306,2230.0
2307,2230.0
2308,2230.0
2309,2230.0
2310,2309.0
2311,2310.0
2312,2311.0
2313,2311.0
2314,2311.0
2315,2311.0
2316,2311.0
2317,2311.0
2318,2311.0
2319,2311.0
2320,2311.0
2321,2311.0
2322,2311.0
2323,2311.0
2324,2323.0
2325,2323.0
2326,2323.0
2327,2326.0
2328,2327.0
2329,2327.0
2330,2327.0
2331,2330.0
2332,2330.0
2333,2332.0
2334,2332.0
2335,2332.0
2336,2332.0
2337,2332.0
2338,2337.0
2339,2337.0
2340,2337.0
2341,2340.0
2342,2341.0
2343,2342.0
2344,2343.0
2345,2343.0
2346,2343.0
2347,2343.0
2348,2343.0
2349,2343.0
2350,2343.0
2351,2343.0
2352,2343.0
2353,2343.0
2354,2343.0
2355,2343.0
2356,2343.0
2357,2343.0
2358,2343.0
2359,2343.0
2360,2359.0
2361,2360.0
2362,2361.0
2363,2362.0
2364,2362.0
2365,2364.0
2366,2364.0
2367,2366.0
2368,2367.0
2369,2367.0
2370,2367.0
2371,2367.0
2372,2367.0
2373,2367.0
2374,2367.0
2375,2367.0
2376,2367.0
2377,2367.0
2378,2367.0
2379,2367.0
2380,2367.0
2381,2367.0
2382,2367.0
2383,2367.0
2384,2367.0
2385,2367.0
2386,2367.0
2387,2367.0
2388,2367.0
2389,2367.0
2390,2367.0
2391,2367.0
2392,2367.0
2393,2367.0
2394,2367.0
2395,2367.0
2396,2367.0
2397,2367.0
2398,2367.0
2399,2367.0
2400,2367.0
2401,2367.0
2402,2367.0
2403,2367.0
2404,2367.0
2405,2367.0
2406,2367.0
2407,2367.0
2408,2367.0
2409,2367.0
2410,2367.0
2411,2367.0
2412,2367.0
2413,2367.0
2414,2367.0
2415,2367.0
2416,2367.0
2417,2367.0
2418,2367.0
2419,2367.0
2420,2367.0
2421,2420.0
2422,2420.0
2423,2420.0
2424,2420.0
2425,2420.0
2426,2420.0
2427,2420.0
2428,2420.0
2429,2420.0
2430,2420.0
2431,2420.0
2432,2420.0
2433,2420.0
2434,2420.0
2435,2420.0
2436,2420.0
2437,2420.0
2438,2420.0
2439,2420.0
2440,2420.0
2441,2420.0
2442,2420.0
2443,2420.0
2444,2420.0
2445,2420.0
2446,2420.0
2447,2420.0
2448,2420.0
2449,2420.0
2450,2420.0
2451,2420.0
2452,2420.0
2453,2420.0
2454,2420.0
2455,2420.0
2456,2420.0
2457,2420.0
2458,2420.0
2459,2420.0
2460,2420.0
2461,2420.0
2462,2420.0
2463,2420.0
2464,2420.0
2465,2420.0
2466,2420.0
2467,2420.0
2468,2420.0
2469,2420.0
2470,2420.0
2471,2420.0
2472,2420.0
2473,2420.0
2474,2420.0
2475,2420.0
2476,2420.0
2477,2420.0
2478,2420.0
2479,2420.0
2480,2420.0
2481,2420.0
2482,2420.0
2483,2420.0
2484,2420.0
2485,2420.0
2486,2420.0
2487,2420.0
2488,2420.0
2489,2420.0
2490,2420.0
2491,2420.0
2492,2420.0
2493,2420.0
2494,2420.0
2495,2494.0
2496,2495.0
2497,2495.0
2498,2495.0
2499,2495.0
2500,2495.0
2501,2495.0
2502,2495.0
2503,2495.0
2504,2495.0
2505,2495.0
2506,2495.0
2507,2495.0
2508,2495.0
2509,2495.0
2510,2509.0
2511,2510.0
2512,2511.0
2513,2512.0
2514,2513.0
2515,2513.0
2516,2513.0
2517,2513.0
2518,2513.0
2519,2513.0
2520,2513.0
2521,2513.0
2522,2513.0
2523,2513.0
2524,2513.0
2525,2513.0
2526,2513.0
2527,2513.0
2528,2513.0
2529,2513.0
2530,2513.0
2531,2513.0
2532,2513.0
2533,2513.0
2534,2513.0
2535,2513.0
2536,2513.0
2537,2513.0
2538,2513.0
2539,2513.0
2540,2539.0
2541,2540.0
2542,2541.0
2543,2542.0
2544,2542.0
2545,2542.0
2546,2542.0
2547,2542.0
2548,2542.0
2549,2542.0
2550,2542.0
2551,2542.0
2552,2542.0
2553,2542.0
2554,2542.0
2555,2542.0
2556,2542.0
2557,2542.0
2558,2542.0
2559,2542.0
2560,2542.0
2561,2542.0
2562,2542.0
2563,2542.0
2564,2542.0
2565,2542.0
2566,2542.0
2567,2566.0
2568,2567.0
2569,2568.0
2570,2569.0
2571,2569.0
2572,2569.0
2573,2569.0
2574,2573.0
2575,2574.0
2576,2575.0
2577,2576.0
2578,2577.0
2579,2578.0
2580,2579.0
2581,2579.0
2582,2579.0
2583,2579.0
2584,2579.0
2585,2579.0
2586,2579.0
2587,2579.0
2588,2579.0
2589,2579.0
2590,2579.0
2591,2579.0
2592,2579.0
2593,2579.0
2594,2579.0
2595,2579.0
2596,2579.0
2597,2579.0
2598,2579.0
2599,2579.0
2600,2579.0
2601,2579.0
2602,2579.0
2603,2579.0
2604,2579.0
2605,2579.0
2606,2579.0
2607,2579.0
2608,2579.0
2609,2579.0
2610,2579.0
2611,2579.0
2612,2579.0
2613,2579.0
2614,2579.0
2615,2579.0
2616,2579.0
2617,2579.0
2618,2579.0
2619,2579.0
2620,2579.0
2621,2579.0
2622,2579.0
2623,2579.0
2624,2579.0
2625,2579.0
2626,2579.0
2627,2579.0
2628,2579.0
2629,2579.0
2630,2579.0
2631,2579.0
2632,2579.0
2633,2579.0
2634,2579.0
2635,2579.0
2636,2579.0
2637,2579.0
2638,2579.0
2639,2579.0
2640,2579.0
2641,2579.0
2642,2579.0
2643,2579.0
2644,2579.0
2645,2579.0
2646,2579.0
2647,2579.0
2648,2579.0
2649,2648.0
2650,2649.0
2651,2650.0
2652,2651.0
2653,2651.0
2654,2651.0
2655,2651.0
2656,2651.0
2657,2651.0
2658,2651.0
2659,2651.0
2660,2651.0
2661,2651.0
2662,2651.0
2663,2651.0
2664,2651.0
2665,2651.0
2666,2651.0
2667,2651.0
2668,2651.0
2669,2651.0
2670,2651.0
2671,2651.0
2672,2651.0
2673,2651.0
2674,2651.0
2675,2651.0
2676,2651.0
2677,2651.0
2678,2651.0
2679,2651.0
2680,2651.0
2681,2651.0
2682,2651.0
2683,2651.0
2684,2651.0
2685,2651.0
2686,2651.0
2687,2651.0
2688,2651.0
2689,2651.0
2690,2651.0
2691,2651.0
2692,2651.0
2693,2651.0
2694,2651.0
2695,2651.0
2696,2651.0
2697,2696.0
2698,2697.0
2699,2698.0
2700,2698.0
2701,2698.0
2702,2698.0
2703,2698.0
2704,2698.0
2705,2698.0
2706,2698.0
2707,2698.0
2708,2698.0
2709,2698.0
2710,2698.0
2711,2698.0
2712,2698.0
2713,2698.0
2714,2698.0
2715,2698.0
2716,2698.0
2717,2698.0
2718,2698.0
2719,2698.0
2720,2698.0
2721,2698.0
2722,2698.0
2723,2698.0
2724,2698.0
2725,2698.0
2726,2698.0
2727,2698.0
2728,2698.0
2729,2698.0
2730,2698.0
2731,2698.0
2732,2698.0
2733,2698.0
2734,2698.0
2735,2698.0
2736,2698.0
2737,2698.0
2738,2698.0
2739,2698.0
2740,2698.0
2741,2698.0
2742,2698.0
2743,2698.0
2744,2698.0
2745,2698.0
2746,2698.0
2747,2698.0
2748,2698.0
2749,2698.0
2750,2698.0
2751,2698.0
2752,2698.0
2753,2698.0
2754,2698.0
2755,2698.0
2756,2698.0
2757,2698.0
2758,2698.0
2759,2698.0
2760,2698.0
2761,2698.0
2762,2698.0
2763,2698.0
2764,2698.0
2765,2698.0
2766,2698.0
2767,2698.0
2768,2698.0
2769,2698.0
2770,2769.0
2771,2769.0
2772,2769.0
2773,2769.0
2774,2769.0
2775,2769.0
2776,2769.0
2777,2769.0
2778,2769.0
2779,2769.0
2780,2769.0
2781,2769.0
2782,2769.0
2783,2769.0
2784,2783.0
2785,2784.0
2786,2785.0
2787,2786.0
2788,2786.0
2789,2786.0
2790,2786.0
2791,2786.0
2792,2791.0
2793,2791.0
2794,2793.0
2795,2794.0
2796,2794.0
2797,2794.0
2798,2794.0
2799,2794.0
2800,2794.0
2801,2794.0
2802,2794.0
2803,2794.0
2804,2794.0
2805,2794.0
2806,2794.0
2807,2794.0
2808,2794.0
2809,2808.0
2810,2809.0
2811,2810.0
2812,2811.0
2813,2811.0
2814,2811.0
2815,2811.0
2816,2811.0
2817,2811.0
2818,2811.0
2819,2811.0
2820,2811.0
2821,2811.0
2822,2811.0
2823,2811.0
2824,2811.0
2825,2811.0
2826,2811.0
2827,2811.0
2828,2811.0
2829,2811.0
2830,2811.0
2831,2811.0
2832,2811.0
2833,2811.0
2834,2811.0
2835,2811.0
2836,2811.0
2837,2811.0
2838,2837.0
2839,2838.0
2840,2838.0
2841,2838.0
2842,2838.0
2843,2838.0
2844,2838.0
2845,2838.0
2846,2838.0
2847,2846.0
2848,2846.0
2849,2846.0
2850,2846.0
2851,2850.0
2852,2851.0
2853,2851.0
2854,2851.0
2855,2851.0
2856,2851.0
2857,2851.0
2858,2851.0
2859,2851.0
2860,2851.0
2861,2851.0
2862,2851.0
2863,2851.0
2864,2851.0
2865,2851.0
2866,2851.0
2867,2851.0
2868,2851.0
2869,2851.0
2870,2851.0
2871,2851.0
2872,2851.0
2873,2851.0
2874,2851.0
2875,2851.0
2876,2851.0
2877,2876.0
2878,2877.0
2879,2878.0
2880,2878.0
2881,2880.0
2882,2881.0
2883,2882.0
2884,2883.0
2885,2883.0
2886,2883.0
2887,2886.0
2888,2887.0
2889,2888.0
2890,2889.0
2891,2889.0
2892,2889.0
2893,2889.0
2894,2889.0
2895,2889.0
2896,2889.0
2897,2889.0
2898,2889.0
2899,2889.0
2900,2889.0
2901,2889.0
2902,2889.0
2903,2889.0
2904,2889.0
2905,2889.0
2906,2889.0
2907,2889.0
2908,2889.0
2909,2889.0
2910,2889.0
2911,2889.0
2912,2889.0
2913,2889.0
2914,2889.0
2915,2889.0
2916,2889.0
2917,2889.0
2918,2889.0
2919,2889.0
2920,2889.0
2921,2889.0
2922,2889.0
2923,2889.0
2924,2889.0
2925,2889.0
2926,2889.0
2927,2889.0
2928,2889.0
2929,2889.0
2930,2889.0
2931,2889.0
2932,2889.0
2933,2889.0
2934,2889.0
2935,2889.0
2936,2889.0
2937,2889.0
2938,2889.0
2939,2889.0
2940,2889.0
2941,2889.0
2942,2889.0
2943,2889.0
2944,2889.0
2945,2889.0
2946,2889.0
2947,2889.0
2948,2889.0
2949,2889.0
2950,2889.0
2951,2889.0
2952,2889.0
2953,2889.0
2954,2889.0
2955,2889.0
2956,2889.0
2957,2889.0
2958,2889.0
2959,2889.0
2960,2889.0
2961,2889.0
2962,2889.0
2963,2962.0
2964,2962.0
2965,2962.0
2966,2962.0
2967,2962.0
2968,2962.0
2969,2962.0
2970,2962.0
2971,2962.0
2972,2962.0
2973,2962.0
2974,2962.0
2975,2962.0
2976,2962.0
2977,2962.0
2978,2962.0
2979,2962.0
2980,2962.0
2981,2962.0
2982,2962.0
2983,2962.0
2984,2962.0
2985,2962.0
2986,2962.0
2987,2962.0
2988,2962.0
2989,2962.0
2990,2962.0
2991,2962.0
2992,2962.0
2993,2962.0
2994,2962.0
2995,2962.0
2996,2962.0
2997,2962.0
2998,2962.0
2999,2962.0
3000,2962.0
3001,2962.0
3002,2962.0
3003,2962.0
3004,2962.0
3005,2962.0
3006,2962.0
3007,2962.0
3008,3007.0
3009,3007.0
3010,3009.0
3011,3010.0
3012,3010.0
3013,3010.0
3014,3010.0
3015,3010.0
3016,3010.0
3017,3010.0
3018,3010.0
3019,3010.0
3020,3010.0
3021,3010.0
3022,3010.0
3023,3010.0
3024,3010.0
3025,3010.0
3026,3010.0
3027,3010.0
3028,3010.0
3029,3010.0
3030,3010.0
3031,3010.0
3032,3010.0
3033,3010.0
3034,3010.0
3035,3010.0
3036,3010.0
3037,3010.0
3038,3010.0
3039,3010.0
3040,3010.0
3041,3010.0
3042,3010.0
3043,3010.0
3044,3010.0
3045,3010.0
3046,3010.0
3047,3010.0
3048,3010.0
3049,3010.0
3050,3010.0
3051,3010.0
3052,3010.0
3053,3010.0
3054,3010.0
3055,3010.0
3056,3010.0
3057,3010.0
3058,3010.0
3059,3058.0
3060,3059.0
3061,3059.0
3062,3061.0
3063,3061.0
3064,3061.0
3065,3061.0
3066,3061.0
3067,3061.0
3068,3061.0
3069,3061.0
3070,3061.0
3071,3061.0
3072,3061.0
3073,3061.0
3074,3061.0
3075,3061.0
3076,3061.0
3077,3061.0
3078,3061.0
3079,3061.0
3080,3061.0
3081,3061.0
3082,3061.0
3083,3061.0
3084,3061.0
3085,3061.0
3086,3061.0
3087,3061.0
3088,3087.0
3089,3088.0
3090,3089.0
3091,3089.0
3092,3089.0
3093,3089.0
3094,3089.0
3095,3089.0
3096,3089.0
3097,3089.0
3098,3089.0
3099,3089.0
3100,3089.0
3101,3089.0
3102,3089.0
3103,3089.0
3104,3089.0
3105,3089.0
3106,3089.0
3107,3089.0
3108,3089.0
3109,3089.0
3110,3089.0
3111,3089.0
3112,3089.0
3113,3089.0
3114,3089.0
3115,3089.0
3116,3089.0
3117,3089.0
3118,3089.0
3119,3118.0
3120,3119.0
3121,3120.0
3122,3121.0
3123,3122.0
3124,3123.0
3125,3124.0
3126,3124.0
3127,3124.0
3128,3124.0
3129,3124.0
3130,3124.0
3131,3124.0
3132,3124.0
3133,3124.0
3134,3124.0
3135,3124.0
3136,3124.0
3137,3124.0
3138,3124.0
3139,3124.0
3140,3124.0
3141,3124.0
3142,3124.0
3143,3124.0
3144,3124.0
3145,3124.0
3146,3124.0
3147,3124.0
3148,3124.0
3149,3124.0
3150,3124.0
3151,3124.0
3152,3124.0
3153,3124.0
3154,3124.0
3155,3124.0
3156,3124.0
3157,3124.0
3158,3124.0
3159,3124.0
3160,3159.0
3161,3160.0
3162,3161.0
3163,3162.0
3164,3162.0
3165,3162.0
3166,3162.0
3167,3162.0
3168,3162.0
3169,3162.0
3170,3162.0
3171,3170.0
3172,3171.0
3173,3172.0
3174,3173.0
3175,3173.0
3176,3173.0
3177,3173.0
3178,3173.0
3179,3173.0
3180,3173.0
3181,3173.0
3182,3173.0
3183,3173.0
3184,3173.0
3185,3184.0
3186,3184.0
3187,3184.0
3188,3184.0
3189,3184.0
3190,3189.0
3191,3190.0
3192,3191.0
3193,3192.0
3194,3192.0
3195,3192.0
3196,3192.0
3197,3192.0
3198,3192.0
3199,3192.0
3200,3192.0
3201,3192.0
3202,3192.0
3203,3192.0
3204,3192.0
3205,3192.0
3206,3192.0
3207,3192.0
3208,3192.0
3209,3192.0
3210,3192.0
3211,3192.0
3212,3192.0
3213,3192.0
3214,3192.0
3215,3192.0
3216,3192.0
3217,3192.0
3218,3192.0
3219,3192.0
3220,3192.0
3221,3192.0
3222,3192.0
3223,3192.0
3224,3192.0
3225,3192.0
3226,3192.0
3227,3192.0
3228,3192.0
3229,3192.0
3230,3192.0
3231,3192.0
3232,3192.0
3233,3192.0
3234,3192.0
3235,3192.0
3236,3192.0
3237,3192.0
3238,3192.0
3239,3192.0
3240,3192.0
3241,3192.0
3242,3192.0
3243,3192.0
3244,3192.0
3245,3192.0
3246,3192.0
3247,3192.0
3248,3192.0
3249,3192.0
3250,3192.0
3251,3192.0
3252,3192.0
3253,3192.0
3254,3192.0
3255,3192.0
3256,3192.0
3257,3192.0
3258,3192.0
3259,3192.0
3260,3192.0
3261,3192.0
3262,3192.0
3263,3192.0
3264,3192.0
3265,3192.0
3266,3192.0
3267,3192.0
3268,3267.0
3269,3268.0
3270,3269.0
3271,3270.0
3272,3270.0
3273,3270.0
3274,3270.0
3275,3270.0
3276,3270.0
3277,3270.0
3278,3270.0
3279,3270.0
3280,3270.0
3281,3270.0
3282,3270.0
3283,3270.0
3284,3283.0
3285,3284.0
3286,3285.0
3287,3285.0
3288,3285.0
3289,3285.0
3290,3285.0
3291,3285.0
3292,3285.0
3293,3285.0
3294,3285.0
3295,3285.0
3296,3285.0
3297,3285.0
3298,3285.0
3299,3285.0
3300,3285.0
3301,3285.0
3302,3285.0
3303,3285.0
3304,3285.0
3305,3285.0
3306,3285.0
3307,3285.0
3308,3285.0
3309,3285.0
3310,3285.0
3311,3285.0
3312,3285.0
3313,3285.0
3314,3285.0
3315,3285.0
3316,3285.0
3317,3285.0
3318,3285.0
3319,3285.0
3320,3285.0
3321,3285.0
3322,3285.0
3323,3285.0
3324,3285.0
3325,3285.0
3326,3285.0
3327,3285.0
3328,3285.0
3329,3285.0
3330,3285.0
3331,3330.0
3332,3330.0
3333,3330.0
3334,3330.0
3335,3330.0
3336,3330.0
3337,3336.0
3338,3336.0
3339,3336.0
3340,3336.0
3341,3336.0
3342,3336.0
3343,3336.0
3344,3336.0
3345,3336.0
3346,3336.0
3347,3336.0
3348,3336.0
3349,3336.0
3350,3336.0
3351,3336.0
3352,3336.0
3353,3336.0
3354,3336.0
3355,3336.0
3356,3336.0
3357,3336.0
3358,3336.0
3359,3336.0
3360,3336.0
3361,3336.0
3362,3336.0
3363,3336.0
3364,3336.0
3365,3336.0
3366,3336.0
3367,3336.0
3368,3336.0
3369,3336.0
3370,3336.0
3371,3336.0
3372,3336.0
3373,3336.0
3374,3336.0
3375,3336.0
3376,3336.0
3377,3336.0
3378,3336.0
3379,3336.0
3380,3336.0
3381,3336.0
3382,3336.0
3383,3336.0
3384,3336.0
3385,3336.0
3386,3336.0
3387,3336.0
3388,3336.0
3389,3336.0
3390,3336.0
3391,3336.0
3392,3336.0
3393,3336.0
3394,3336.0
3395,3336.0
3396,3336.0
3397,3336.0
3398,3336.0
3399,3336.0
3400,3336.0
3401,3336.0
3402,3336.0
3403,3336.0
3404,3336.0
3405,3336.0
3406,3336.0
3407,3336.0
3408,3336.0
3409,3336.0
3410,3336.0
3411,3336.0
3412,3336.0
3413,3336.0
3414,3336.0
3415,3336.0
3416,3336.0
3417,3336.0
3418,3417.0
3419,3417.0
3420,3417.0
3421,3417.0
3422,3417.0
3423,3417.0
3424,3417.0
3425,3417.0
3426,3417.0
3427,3417.0
3428,3417.0
3429,3417.0
3430,3417.0
3431,3417.0
3432,3417.0
3433,3432.0
3434,3433.0
3435,3433.0
3436,3433.0
3437,3433.0
3438,3433.0
3439,3433.0
3440,3433.0
3441,3433.0
3442,3433.0
3443,3433.0
3444,3433.0
3445,3433.0
3446,3433.0
3447,3433.0
3448,3433.0
3449,3433.0
3450,3433.0
3451,3433.0
3452,3433.0
3453,3433.0
3454,3433.0
3455,3433.0
3456,3433.0
3457,3433.0
3458,3433.0
3459,3433.0
3460,3433.0
3461,3433.0
3462,3461.0
3463,3462.0
3464,3462.0
3465,3462.0
3466,3462.0
3467,3462.0
3468,3462.0
3469,3462.0
3470,3462.0
3471,3462.0
3472,3462.0
3473,3462.0
3474,3473.0
3475,3474.0
3476,3475.0
3477,3476.0
3478,3476.0
3479,3476.0
3480,3476.0
3481,3476.0
3482,3476.0
3483,3476.0
3484,3476.0
3485,3476.0
3486,3476.0
3487,3476.0
3488,3476.0
3489,3476.0
3490,3476.0
3491,3476.0
3492,3476.0
3493,3476.0
3494,3476.0
3495,3476.0
3496,3476.0
3497,3476.0
3498,3497.0
3499,3498.0
3500,3499.0
3501,3499.0
3502,3499.0
3503,3499.0
3504,3499.0
3505,3499.0
3506,3499.0
3507,3499.0
3508,3499.0
3509,3499.0
3510,3499.0
3511,3510.0
3512,3511.0
3513,3512.0
3514,3513.0
3515,3513.0
3516,3513.0
3517,3513.0
3518,3513.0
3519,3513.0
3520,3519.0
3521,3520.0
3522,3521.0
3523,3522.0
3524,3522.0
3525,3522.0
3526,3522.0
3527,3522.0
3528,3522.0
3529,3522.0
3530,3522.0
3531,3522.0
3532,3522.0
3533,3522.0
3534,3522.0
3535,3522.0
3536,3522.0
3537,3522.0
3538,3522.0
3539,3522.0
3540,3522.0
3541,3522.0
3542,3522.0
3543,3522.0
3544,3522.0
3545,3522.0
3546,3522.0
3547,3522.0
3548,3522.0
3549,3522.0
3550,3522.0
3551,3522.0
3552,3522.0
3553,3522.0
3554,3522.0
3555,3554.0
3556,3554.0
3557,3556.0
3558,3557.0
3559,3558.0
3560,3559.0
3561,3560.0
3562,3561.0
3563,3561.0
3564,3561.0
3565,3561.0
3566,3561.0
3567,3561.0
3568,3561.0
3569,3561.0
3570,3561.0
3571,3561.0
3572,3561.0
3573,3561.0
3574,3561.0
3575,3561.0
3576,3561.0
3577,3561.0
3578,3561.0
3579,3561.0
3580,3561.0
3581,3561.0
3582,3561.0
3583,3582.0
3584,3582.0
3585,3582.0
3586,3582.0
3587,3582.0
3588,3582.0
3589,3582.0
3590,3582.0
3591,3582.0
3592,3582.0
3593,3582.0
3594,3582.0
3595,3582.0
3596,3582.0
3597,3582.0
3598,3582.0
3599,3582.0
3600,3582.0
3601,3582.0
3602,3582.0
3603,3582.0
3604,3582.0
3605,3582.0
3606,3582.0
3607,3582.0
3608,3582.0
3609,3582.0
3610,3582.0
3611,3582.0
3612,3582.0
3613,3582.0
3614,3582.0
3615,3582.0
3616,3582.0
3617,3582.0
3618,3582.0
3619,3582.0
3620,3582.0
3621,3582.0
3622,3582.0
3623,3582.0
3624,3582.0
3625,3582.0
3626,3582.0
3627,3582.0
3628,3582.0
3629,3582.0
3630,3582.0
3631,3582.0
3632,3582.0
3633,3582.0
3634,3582.0
3635,3582.0
3636,3582.0
3637,3582.0
3638,3582.0
3639,3582.0
3640,3582.0
3641,3582.0
3642,3582.0
3643,3582.0
3644,3582.0
3645,3582.0
3646,3582.0
3647,3582.0
3648,3582.0
3649,3582.0
3650,3582.0
3651,3582.0
3652,3582.0
3653,3582.0
3654,3582.0
3655,3582.0
3656,3582.0
3657,3582.0
3658,3582.0
3659,3582.0
3660,3582.0
3661,3582.0
3662,3582.0
3663,3582.0
3664,3582.0
3665,3582.0
3666,3582.0
3667,3582.0
3668,3582.0
3669,3582.0
3670,3582.0
3671,3582.0
3672,3582.0
3673,3582.0
3674,3582.0
3675,3582.0
3676,3582.0
3677,3582.0
3678,3582.0
3679,3582.0
3680,3582.0
3681,3582.0
3682,3582.0
3683,3582.0
3684,3582.0
3685,3582.0
3686,3582.0
3687,3582.0
3688,3582.0
3689,3582.0
3690,3689.0
3691,3689.0
3692,3689.0
3693,3689.0
3694,3689.0
3695,3689.0
3696,3689.0
3697,3689.0
3698,3689.0
3699,3689.0
3700,3689.0
3701,3689.0
3702,3689.0
3703,3689.0
3704,3689.0
3705,3689.0
3706,3689.0
3707,3689.0
3708,3689.0
3709,3689.0
3710,3689.0
3711,3689.0
3712,3689.0
3713,3689.0
3714,3689.0
3715,3689.0
3716,3715.0
3717,3716.0
3718,3717.0
3719,3717.0
3720,3717.0
3721,3717.0
3722,3717.0
3723,3717.0
3724,3717.0
3725,3717.0
3726,3717.0
3727,3717.0
3728,3717.0
3729,3728.0
3730,3729.0
3731,3729.0
3732,3729.0
3733,3729.0
3734,3733.0
3735,3733.0
3736,3733.0
3737,3733.0
3738,3733.0
3739,3733.0
3740,3733.0
3741,3733.0
3742,3733.0
3743,3733.0
3744,3733.0
3745,3733.0
3746,3733.0
3747,3733.0
3748,3733.0
3749,3733.0
3750,3733.0
3751,3733.0
3752,3733.0
3753,3733.0
3754,3733.0
3755,3733.0
3756,3733.0
3757,3733.0
3758,3733.0
3759,3733.0
3760,3733.0
3761,3733.0
3762,3733.0
3763,3733.0
3764,3763.0
3765,3763.0
3766,3763.0
3767,3766.0
3768,3767.0
3769,3767.0
3770,3767.0
3771,3767.0
3772,3767.0
3773,3767.0
3774,3767.0
3775,3767.0
3776,3767.0
3777,3767.0
3778,3767.0
3779,3767.0
3780,3767.0
3781,3767.0
3782,3781.0
3783,3782.0
3784,3783.0
3785,3784.0
3786,3784.0
3787,3784.0
3788,3784.0
3789,3784.0
3790,3784.0
3791,3784.0
3792,3784.0
3793,3784.0
3794,3784.0
3795,3784.0
3796,3784.0
3797,3784.0
3798,3797.0
3799,3798.0
3800,3799.0
3801,3800.0
3802,3801.0
3803,3802.0
3804,3802.0
3805,3802.0
3806,3802.0
3807,3802.0
3808,3802.0
3809,3802.0
3810,3802.0
3811,3802.0
3812,3811.0
3813,3811.0
3814,3813.0
3815,3814.0
3816,3815.0
3817,3816.0
3818,3817.0
3819,3817.0
3820,3817.0
3821,3817.0
3822,3817.0
3823,3822.0
3824,3823.0
3825,3824.0
3826,3825.0
3827,3825.0
3828,3825.0
3829,3828.0
3830,3828.0
3831,3828.0
3832,3828.0
3833,3828.0
3834,3828.0
3835,3828.0
3836,3828.0
3837,3828.0
3838,3828.0
3839,3828.0
3840,3828.0
3841,3828.0
3842,3828.0
3843,3828.0
3844,3828.0
3845,3828.0
3846,3828.0
3847,3828.0
